x1 = 10.525668449197836
x2 = 7.124286625588786
x3 = 4.9107806530193825
x4 = 3.5169113058921715
x5 = 2.7097430061997922
x6 = 2.336940031468776
x7 = 2.2422442539928538
x8 = 2.236093403021945
x9 = 2.236067977933435
x10 = 2.23606797749979
ans: 
2.23606797749979
fzero = 
-1.7763568394002505e-15
