lambda0 = 0.9
lambda1 = 0.45
lambda2 = 0.225
lambda3 = 0.1125
x0 = 2.3822627005347567
x0 = 2.2485100904290163
x0 = 2.236170493811517
x0 = 2.2360679845490856
x0 = 2.23606797749979
lambda0 = 0.9
lambda1 = 0.45
lambda2 = 0.225
lambda3 = 0.1125
lambda4 = 0.05625
lambda5 = 0.028125
lambda6 = 0.0140625
lambda7 = 0.00703125
lambda8 = 0.003515625
lambda9 = 0.0017578125
lambda10 = 0.00087890625
x0 = 2.23606797749979
ans: 
2.23606797749979
fzero = 
-1.7763568394002505e-15
